1, 270830
2, 48162
3, 21056
4, 12588
5, 8472
6, 6223
7, 4921
8, 3973
9, 3202
10, 2656
11, 2234
12, 1985
13, 1733
14, 1576
15, 1388
16, 1184
17, 1121
18, 1069
19, 958
20, 847
21, 818
22, 771
23, 679
24, 682
25, 601
26, 624
27, 552
28, 551
29, 501
30, 449
31, 464
32, 446
33, 368
34, 396
35, 367
36, 347
37, 355
38, 317
39, 303
40, 295
41, 289
42, 278
43, 284
44, 277
45, 245
46, 292
47, 234
48, 236
49, 220
50, 234
51, 214
52, 200
53, 184
54, 189
55, 196
56, 178
57, 176
58, 156
59, 154
60, 170
61, 162
62, 182
63, 118
64, 136
65, 149
66, 146
67, 122
68, 151
69, 138
70, 133
71, 117
72, 117
73, 129
74, 134
75, 126
76, 112
77, 109
78, 118
79, 105
80, 101
81, 104
82, 101
83, 109
84, 84
85, 94
86, 88
87, 91
88, 81
89, 86
90, 90
91, 87
92, 82
93, 78
94, 78
95, 70
96, 82
97, 76
98, 71
99, 76
100, 80
101, 88
102, 69
103, 73
104, 73
105, 66
106, 60
107, 63
108, 65
109, 84
110, 72
111, 62
112, 55
113, 62
114, 53
115, 69
116, 64
117, 53
118, 60
119, 59
120, 47
121, 49
122, 57
123, 55
124, 52
125, 43
126, 63
127, 67
128, 54
129, 43
130, 60
131, 34
132, 58
133, 39
134, 37
135, 40
136, 53
137, 43
138, 42
139, 41
140, 39
141, 47
142, 18
143, 34
144, 45
145, 33
146, 49
147, 39
148, 34
149, 44
150, 31
151, 39
152, 38
153, 34
154, 34
155, 43
156, 42
157, 36
158, 33
159, 26
160, 37
161, 41
162, 30
163, 29
164, 30
165, 40
166, 28
167, 38
168, 32
169, 33
170, 27
171, 26
172, 20
173, 26
174, 38
175, 29
176, 32
177, 35
178, 39
179, 21
180, 34
181, 23
182, 26
183, 36
184, 29
185, 29
186, 26
187, 23
188, 23
189, 34
190, 26
191, 20
192, 43
193, 28
194, 25
195, 25
196, 33
197, 31
198, 29
199, 32
200, 28
201, 26
202, 33
203, 26
204, 26
205, 29
206, 25
207, 19
208, 27
209, 17
210, 22
211, 29
212, 21
213, 21
214, 19
215, 24
216, 30
217, 21
218, 23
219, 17
220, 18
221, 21
222, 18
223, 25
224, 23
225, 20
226, 20
227, 21
228, 28
229, 18
230, 25
231, 17
232, 17
233, 11
234, 13
235, 11
236, 19
237, 27
238, 14
239, 20
240, 14
241, 21
242, 23
243, 21
244, 19
245, 18
246, 20
247, 19
248, 17
249, 17
250, 23
251, 16
252, 9
253, 25
254, 15
255, 23
256, 15
257, 21
258, 12
259, 23
260, 15
261, 20
262, 20
263, 16
264, 21
265, 18
266, 16
267, 8
268, 18
269, 23
270, 24
271, 22
272, 11
273, 19
274, 14
275, 20
276, 19
277, 11
278, 23
279, 14
280, 14
281, 20
282, 22
283, 13
284, 21
285, 19
286, 14
287, 10
288, 10
289, 10
290, 13
291, 16
292, 15
293, 10
294, 21
295, 14
296, 14
297, 11
298, 14
299, 8
300, 16
301, 7
302, 15
303, 12
304, 12
305, 12
306, 9
307, 13
308, 9
309, 16
310, 10
311, 21
312, 16
313, 9
314, 14
315, 15
316, 7
317, 13
318, 13
319, 10
320, 9
321, 9
322, 17
323, 7
324, 11
325, 12
326, 10
327, 11
328, 11
329, 12
330, 13
331, 9
332, 16
333, 12
334, 13
335, 12
336, 14
337, 9
338, 7
339, 11
340, 10
341, 11
342, 7
343, 17
344, 12
345, 9
346, 11
347, 19
348, 8
349, 10
350, 7
351, 10
352, 13
353, 6
354, 10
355, 11
356, 10
357, 9
358, 12
359, 9
360, 11
361, 9
362, 15
363, 6
364, 8
365, 15
366, 10
367, 7
368, 12
369, 7
370, 5
371, 4
372, 7
373, 9
374, 9
375, 5
376, 7
377, 6
378, 7
379, 9
380, 10
381, 7
382, 7
383, 9
384, 11
385, 16
386, 20
387, 13
388, 6
389, 12
390, 4
391, 8
392, 4
393, 12
394, 10
395, 3
396, 9
397, 14
398, 6
399, 10
400, 17
401, 8
402, 12
403, 11
404, 10
405, 9
406, 8
407, 11
408, 4
409, 9
410, 12
411, 8
412, 14
413, 8
414, 10
415, 10
416, 13
417, 7
418, 9
419, 5
420, 9
421, 6
422, 8
423, 12
424, 9
425, 5
426, 5
427, 7
428, 2
429, 4
430, 8
431, 7
432, 8
433, 9
434, 9
435, 11
436, 5
437, 6
438, 9
439, 8
440, 6
441, 7
442, 12
443, 4
444, 5
445, 9
446, 2
447, 8
448, 6
449, 5
450, 9
451, 8
452, 5
453, 8
454, 10
455, 6
456, 3
457, 11
458, 6
459, 5
460, 5
461, 3
462, 7
463, 7
464, 17
465, 6
466, 7
467, 10
468, 12
469, 5
470, 7
471, 6
472, 9
473, 10
474, 3
475, 5
476, 4
477, 6
478, 5
479, 9
480, 7
481, 7
482, 7
483, 3
484, 7
485, 4
486, 6
487, 6
488, 7
489, 4
490, 3
491, 7
492, 2
493, 6
494, 1
495, 12
496, 7
497, 8
498, 10
499, 5
500, 4
501, 6
502, 10
503, 10
504, 6
505, 7
506, 5
507, 4
508, 3
509, 6
510, 4
511, 6
512, 5
513, 9
514, 9
515, 8
516, 3
517, 1
518, 12
519, 3
520, 5
521, 6
522, 5
523, 5
524, 5
525, 3
526, 5
527, 6
528, 7
529, 7
530, 11
531, 6
532, 7
533, 7
534, 5
535, 2
536, 2
537, 6
538, 3
539, 6
540, 13
541, 5
542, 7
543, 11
544, 5
545, 5
546, 8
547, 13
548, 4
549, 3
550, 6
551, 4
552, 10
553, 5
554, 4
555, 2
556, 6
557, 7
558, 7
559, 4
560, 7
561, 4
562, 3
563, 9
564, 5
565, 4
566, 3
567, 3
568, 6
569, 2
570, 5
571, 8
572, 2
573, 3
574, 7
575, 9
576, 4
577, 2
578, 3
579, 5
580, 5
581, 5
582, 9
583, 6
584, 4
585, 6
586, 3
587, 2
588, 4
589, 1
590, 5
591, 6
592, 7
593, 6
594, 2
595, 4
596, 3
597, 5
598, 2
599, 5
600, 4
601, 5
602, 4
603, 6
604, 5
605, 7
606, 7
607, 8
608, 8
609, 2
610, 3
611, 2
612, 9
613, 3
614, 5
615, 2
616, 6
617, 8
618, 3
619, 2
620, 9
621, 4
622, 1
623, 9
624, 3
625, 5
626, 3
627, 4
628, 3
629, 2
630, 3
631, 3
632, 6
633, 5
634, 5
635, 4
636, 5
637, 2
638, 2
639, 3
640, 3
641, 5
642, 1
643, 7
644, 5
645, 3
646, 5
647, 1
648, 4
649, 5
650, 4
651, 7
652, 5
653, 2
654, 2
655, 2
656, 5
657, 1
658, 4
659, 9
660, 3
661, 5
662, 5
663, 3
664, 7
665, 5
666, 6
667, 4
668, 6
669, 2
670, 2
671, 2
672, 1
673, 6
674, 4
675, 2
676, 6
677, 7
678, 1
679, 5
680, 2
681, 6
682, 1
683, 2
684, 2
685, 5
686, 4
687, 1
688, 3
690, 3
691, 4
692, 6
693, 6
694, 4
695, 4
696, 4
697, 2
698, 6
699, 4
700, 3
701, 4
702, 3
703, 5
704, 4
705, 5
706, 6
707, 4
708, 1
709, 1
710, 5
711, 4
712, 5
713, 4
714, 3
715, 1
716, 1
717, 2
718, 7
719, 5
720, 4
721, 4
722, 4
723, 2
724, 4
725, 5
726, 4
728, 6
729, 3
730, 3
731, 7
732, 3
733, 2
734, 6
736, 5
737, 6
738, 1
739, 2
740, 2
741, 2
742, 4
743, 1
744, 2
745, 1
746, 1
747, 5
748, 3
749, 3
750, 6
751, 3
752, 4
753, 2
754, 3
755, 2
756, 4
757, 2
758, 1
759, 6
760, 2
761, 7
762, 5
763, 5
764, 1
765, 7
766, 8
767, 5
768, 4
769, 2
770, 2
771, 4
772, 6
773, 3
774, 5
775, 1
776, 2
777, 2
780, 5
781, 1
782, 5
783, 4
784, 3
785, 3
786, 3
787, 6
788, 3
789, 5
790, 3
792, 1
793, 3
794, 2
796, 4
797, 4
798, 4
799, 1
800, 3
801, 4
802, 3
803, 5
804, 1
805, 3
807, 2
808, 3
809, 2
810, 2
811, 3
812, 3
813, 3
814, 1
816, 1
817, 2
818, 3
819, 1
820, 2
821, 3
822, 2
823, 1
824, 7
825, 4
827, 5
828, 5
829, 2
830, 5
831, 4
832, 3
833, 3
834, 2
835, 5
836, 3
837, 3
838, 3
839, 3
840, 5
841, 2
842, 2
843, 4
844, 2
845, 4
846, 2
847, 4
848, 3
849, 6
850, 5
851, 3
852, 1
853, 2
854, 2
855, 2
858, 6
859, 3
860, 3
861, 1
862, 1
863, 4
864, 3
865, 1
866, 1
867, 2
868, 4
869, 1
870, 1
871, 1
872, 2
874, 1
875, 1
876, 2
877, 4
878, 5
879, 1
880, 5
881, 3
882, 4
883, 3
884, 2
885, 1
886, 1
887, 2
888, 3
889, 4
891, 2
892, 3
893, 1
894, 3
895, 2
896, 3
897, 3
898, 3
899, 1
900, 2
901, 2
902, 5
903, 3
904, 3
905, 1
906, 3
907, 4
908, 6
909, 3
910, 1
911, 4
912, 2
913, 1
914, 1
915, 1
916, 6
917, 2
918, 6
919, 4
920, 4
921, 1
922, 2
923, 2
924, 4
925, 2
926, 2
927, 1
928, 2
929, 1
930, 1
931, 9
932, 3
933, 5
934, 4
935, 2
936, 3
937, 3
938, 3
939, 3
940, 3
941, 2
942, 1
943, 1
944, 2
945, 3
946, 3
947, 1
948, 4
949, 3
950, 3
951, 1
953, 2
954, 2
955, 1
956, 4
957, 4
958, 2
959, 1
961, 1
962, 1
963, 5
964, 4
965, 2
966, 1
967, 1
968, 1
969, 2
970, 2
971, 1
972, 1
973, 3
974, 1
976, 2
977, 3
979, 1
981, 1
982, 4
984, 2
985, 1
986, 1
987, 3
988, 3
989, 1
990, 1
991, 2
992, 3
993, 1
994, 5
995, 3
996, 5
997, 1
999, 1
1000, 4
1001, 3
1002, 2
1003, 4
1004, 4
1005, 3
1006, 1
1007, 2
1009, 3
1010, 2
1011, 3
1012, 2
1013, 3
1014, 1
1015, 2
1016, 1
1017, 3
1019, 2
1020, 2
1021, 5
1022, 3
1023, 2
1024, 3
1025, 2
1026, 1
1027, 5
1028, 3
1029, 2
1030, 4
1031, 2
1032, 3
1034, 1
1035, 1
1036, 1
1037, 2
1038, 1
1039, 1
1040, 3
1042, 3
1043, 1
1045, 5
1047, 1
1048, 1
1049, 1
1050, 1
1051, 2
1052, 1
1053, 5
1054, 2
1055, 1
1056, 1
1057, 3
1058, 4
1059, 2
1061, 4
1062, 2
1063, 2
1064, 2
1066, 1
1067, 2
1068, 2
1069, 1
1070, 1
1071, 2
1072, 1
1073, 4
1074, 2
1075, 4
1076, 2
1077, 2
1078, 2
1079, 1
1080, 3
1081, 6
1083, 1
1084, 2
1085, 3
1088, 4
1089, 3
1090, 2
1091, 2
1092, 3
1093, 1
1098, 2
1099, 3
1100, 2
1101, 3
1103, 2
1105, 1
1106, 3
1107, 1
1108, 1
1109, 1
1110, 1
1111, 2
1112, 2
1113, 1
1114, 1
1115, 1
1116, 2
1117, 6
1118, 2
1119, 1
1121, 4
1122, 3
1123, 2
1125, 4
1126, 2
1127, 2
1128, 3
1129, 1
1130, 3
1131, 2
1132, 2
1133, 1
1134, 1
1135, 4
1136, 1
1137, 3
1138, 2
1139, 1
1140, 1
1141, 1
1142, 1
1145, 3
1147, 2
1149, 5
1150, 2
1151, 2
1152, 1
1153, 2
1154, 2
1155, 2
1156, 3
1157, 1
1158, 4
1159, 3
1160, 2
1161, 2
1162, 2
1163, 2
1164, 1
1165, 2
1166, 5
1167, 1
1168, 4
1169, 2
1170, 2
1171, 1
1172, 2
1173, 4
1174, 2
1175, 3
1176, 1
1177, 2
1179, 3
1180, 1
1181, 2
1184, 4
1185, 1
1186, 2
1187, 3
1190, 1
1192, 2
1193, 2
1194, 2
1195, 2
1196, 2
1198, 1
1199, 2
1200, 2
1201, 1
1202, 3
1203, 4
1204, 1
1205, 2
1206, 1
1209, 1
1210, 1
1211, 3
1212, 1
1213, 6
1214, 3
1215, 2
1217, 2
1220, 2
1221, 4
1222, 2
1224, 2
1225, 2
1226, 1
1227, 3
1228, 1
1229, 1
1230, 2
1231, 3
1232, 2
1233, 2
1234, 5
1235, 3
1236, 3
1237, 1
1238, 1
1239, 4
1240, 5
1241, 1
1242, 1
1243, 1
1244, 1
1245, 2
1247, 2
1248, 3
1249, 3
1250, 3
1251, 1
1252, 2
1253, 1
1254, 2
1255, 1
1257, 1
1258, 4
1259, 2
1261, 1
1262, 1
1263, 2
1264, 2
1265, 2
1266, 2
1267, 1
1269, 2
1270, 3
1271, 1
1272, 2
1273, 1
1274, 1
1275, 3
1278, 1
1279, 2
1280, 3
1282, 2
1285, 1
1286, 2
1287, 1
1288, 2
1290, 1
1291, 1
1292, 1
1294, 2
1296, 3
1297, 2
1298, 1
1300, 1
1301, 1
1302, 2
1303, 2
1304, 2
1305, 2
1306, 2
1307, 2
1308, 4
1309, 1
1310, 1
1311, 2
1312, 3
1313, 1
1314, 1
1315, 2
1316, 1
1317, 1
1318, 2
1319, 2
1320, 2
1321, 2
1322, 1
1325, 3
1326, 1
1327, 5
1328, 2
1330, 1
1331, 1
1332, 2
1334, 1
1335, 2
1336, 2
1337, 1
1338, 1
1339, 1
1340, 2
1341, 1
1343, 1
1344, 1
1345, 2
1346, 1
1348, 1
1349, 1
1351, 1
1352, 1
1353, 2
1355, 2
1356, 2
1357, 2
1358, 2
1359, 2
1360, 2
1361, 2
1362, 1
1363, 2
1364, 1
1365, 4
1367, 3
1368, 1
1372, 3
1374, 1
1375, 2
1376, 1
1377, 1
1379, 4
1380, 2
1381, 1
1383, 1
1384, 2
1385, 1
1386, 1
1387, 2
1388, 1
1391, 2
1392, 1
1393, 2
1395, 1
1398, 1
1399, 1
1400, 1
1401, 4
1405, 1
1406, 1
1407, 3
1408, 1
1409, 3
1410, 2
1413, 5
1414, 2
1415, 2
1416, 1
1417, 2
1418, 1
1419, 1
1420, 2
1423, 1
1424, 2
1425, 1
1426, 2
1429, 1
1430, 2
1432, 3
1434, 1
1437, 4
1438, 3
1439, 3
1440, 1
1441, 2
1442, 2
1443, 1
1444, 3
1445, 3
1446, 2
1447, 2
1448, 1
1449, 2
1450, 2
1451, 1
1452, 2
1453, 2
1454, 1
1456, 2
1458, 1
1459, 2
1460, 1
1461, 1
1463, 1
1464, 2
1465, 1
1469, 2
1471, 1
1473, 1
1475, 1
1477, 2
1480, 1
1481, 4
1484, 2
1485, 1
1486, 1
1487, 2
1489, 1
1491, 2
1492, 1
1494, 3
1495, 2
1496, 3
1497, 1
1498, 1
1500, 2
1501, 2
1503, 1
1505, 2
1506, 3
1507, 1
1510, 2
1511, 2
1512, 1
1513, 3
1515, 1
1517, 1
1520, 2
1521, 1
1522, 1
1524, 1
1525, 1
1527, 4
1528, 2
1529, 3
1530, 2
1531, 1
1532, 1
1535, 1
1536, 1
1538, 1
1541, 1
1542, 2
1544, 1
1545, 1
1548, 3
1549, 2
1554, 1
1556, 2
1558, 2
1559, 2
1560, 1
1566, 2
1567, 1
1569, 1
1570, 1
1571, 1
1572, 3
1573, 3
1574, 1
1576, 1
1577, 1
1578, 1
1580, 1
1581, 3
1582, 1
1583, 3
1584, 3
1586, 1
1588, 5
1589, 1
1590, 2
1592, 3
1593, 2
1598, 1
1599, 1
1600, 1
1603, 1
1604, 3
1605, 2
1606, 3
1608, 2
1609, 1
1610, 1
1611, 1
1613, 2
1614, 1
1617, 2
1620, 1
1622, 4
1623, 1
1624, 3
1625, 1
1626, 1
1627, 1
1628, 2
1629, 1
1630, 2
1631, 1
1633, 2
1635, 1
1636, 1
1637, 2
1638, 1
1639, 2
1641, 1
1642, 1
1643, 1
1646, 3
1647, 2
1648, 1
1649, 1
1651, 1
1652, 1
1653, 1
1655, 1
1656, 1
1659, 1
1664, 2
1666, 1
1668, 2
1669, 1
1670, 1
1671, 1
1674, 1
1677, 3
1678, 1
1679, 1
1680, 1
1681, 2
1682, 4
1683, 2
1687, 2
1688, 1
1689, 2
1690, 1
1692, 2
1693, 3
1694, 1
1695, 2
1696, 1
1698, 4
1699, 1
1702, 1
1705, 1
1707, 1
1712, 1
1713, 1
1714, 4
1715, 1
1716, 1
1717, 1
1718, 1
1720, 1
1726, 1
1727, 2
1728, 1
1733, 1
1735, 4
1737, 1
1738, 3
1739, 1
1740, 4
1741, 1
1743, 1
1744, 3
1745, 1
1746, 2
1747, 1
1749, 3
1750, 1
1751, 1
1752, 1
1753, 1
1760, 1
1762, 1
1764, 2
1769, 2
1770, 1
1772, 1
1774, 1
1775, 1
1776, 1
1778, 1
1779, 2
1783, 1
1785, 1
1786, 1
1788, 1
1790, 1
1793, 2
1795, 1
1796, 1
1797, 1
1798, 1
1801, 1
1803, 1
1805, 1
1806, 1
1807, 1
1808, 1
1809, 1
1810, 1
1811, 1
1814, 3
1815, 2
1816, 1
1817, 2
1820, 1
1825, 1
1828, 1
1830, 1
1831, 1
1832, 1
1834, 2
1835, 2
1837, 3
1838, 1
1839, 1
1840, 1
1844, 2
1845, 3
1847, 2
1851, 2
1853, 1
1861, 2
1862, 2
1863, 2
1866, 2
1869, 1
1871, 1
1873, 1
1875, 2
1877, 1
1879, 1
1880, 1
1882, 2
1884, 1
1887, 1
1893, 1
1896, 1
1897, 1
1899, 1
1903, 1
1904, 1
1905, 1
1907, 1
1908, 1
1911, 1
1917, 2
1918, 1
1919, 1
1920, 1
1921, 1
1922, 1
1923, 1
1924, 1
1925, 2
1926, 1
1927, 1
1929, 1
1930, 2
1931, 2
1932, 1
1937, 1
1938, 1
1940, 2
1943, 2
1944, 2
1945, 2
1947, 2
1948, 1
1949, 1
1951, 1
1953, 3
1954, 3
1955, 1
1959, 2
1960, 2
1962, 2
1964, 1
1965, 2
1967, 2
1969, 4
1970, 1
1972, 1
1973, 1
1974, 1
1977, 1
1979, 1
1980, 2
1981, 1
1982, 1
1985, 1
1992, 1
1994, 1
1995, 1
1998, 3
2000, 1
2004, 1
2005, 2
2006, 2
2007, 1
2008, 1
2011, 1
2012, 1
2013, 1
2015, 1
2016, 1
2022, 1
2027, 1
2032, 1
2034, 2
2036, 2
2038, 1
2039, 2
2040, 1
2041, 1
2044, 1
2045, 2
2046, 2
2047, 1
2049, 1
2050, 2
2055, 1
2058, 2
2062, 2
2063, 1
2065, 2
2066, 1
2067, 1
2068, 1
2070, 1
2071, 2
2072, 1
2073, 1
2074, 1
2078, 1
2079, 1
2080, 1
2082, 2
2084, 1
2085, 2
2090, 1
2091, 1
2093, 1
2095, 1
2096, 1
2099, 1
2100, 1
2101, 2
2103, 1
2105, 1
2106, 1
2107, 1
2109, 2
2115, 1
2116, 2
2118, 1
2120, 1
2123, 1
2125, 2
2127, 1
2128, 1
2129, 3
2130, 1
2131, 1
2135, 1
2139, 1
2140, 1
2144, 1
2145, 2
2150, 2
2151, 1
2152, 1
2153, 1
2157, 1
2158, 2
2161, 1
2163, 1
2165, 2
2167, 1
2168, 1
2169, 1
2170, 1
2172, 1
2173, 1
2174, 1
2178, 1
2181, 1
2187, 1
2190, 1
2191, 1
2193, 1
2194, 1
2195, 1
2197, 1
2198, 1
2199, 1
2200, 2
2202, 1
2203, 1
2205, 2
2207, 1
2210, 2
2211, 1
2214, 1
2215, 1
2216, 1
2218, 1
2220, 1
2223, 1
2227, 2
2228, 1
2234, 1
2235, 1
2236, 1
2237, 1
2239, 2
2240, 1
2243, 1
2244, 1
2250, 1
2252, 1
2260, 1
2261, 1
2262, 1
2263, 1
2264, 1
2267, 1
2269, 2
2271, 2
2276, 1
2278, 1
2279, 2
2285, 2
2286, 1
2291, 1
2295, 1
2300, 1
2301, 1
2302, 1
2304, 1
2306, 1
2307, 1
2311, 1
2313, 1
2315, 1
2316, 1
2319, 4
2320, 1
2326, 1
2328, 2
2330, 1
2334, 2
2336, 1
2337, 1
2343, 2
2344, 1
2345, 1
2346, 1
2350, 2
2353, 1
2354, 2
2357, 1
2359, 2
2360, 2
2362, 1
2363, 1
2365, 1
2366, 1
2367, 1
2369, 1
2371, 1
2374, 2
2376, 1
2377, 2
2379, 2
2380, 1
2381, 1
2386, 2
2388, 1
2389, 1
2390, 1
2392, 1
2398, 2
2402, 2
2405, 1
2406, 1
2407, 2
2408, 1
2412, 1
2415, 1
2416, 1
2418, 2
2419, 1
2420, 1
2422, 1
2423, 1
2426, 1
2438, 1
2442, 1
2443, 1
2445, 1
2447, 1
2453, 1
2455, 1
2459, 1
2461, 1
2467, 1
2474, 1
2478, 1
2479, 1
2480, 1
2481, 2
2484, 1
2487, 1
2488, 1
2490, 2
2492, 1
2493, 1
2496, 4
2498, 1
2503, 1
2505, 2
2507, 1
2510, 1
2511, 1
2517, 1
2518, 1
2519, 1
2523, 1
2526, 1
2530, 2
2533, 1
2536, 1
2537, 2
2538, 2
2539, 2
2543, 1
2544, 1
2546, 2
2547, 1
2548, 1
2550, 1
2551, 1
2557, 2
2561, 1
2563, 1
2565, 1
2567, 2
2568, 1
2569, 1
2570, 3
2574, 1
2577, 1
2587, 1
2588, 1
2594, 1
2596, 2
2598, 2
2599, 2
2602, 1
2604, 1
2605, 3
2607, 1
2618, 1
2620, 1
2621, 1
2622, 3
2623, 1
2624, 1
2625, 1
2627, 1
2638, 1
2640, 1
2646, 1
2650, 1
2658, 1
2660, 2
2662, 1
2663, 2
2666, 1
2669, 2
2670, 1
2682, 1
2687, 2
2690, 1
2696, 1
2697, 1
2699, 1
2703, 1
2704, 1
2709, 1
2711, 1
2714, 2
2715, 1
2716, 1
2720, 1
2722, 1
2723, 1
2729, 2
2730, 1
2731, 1
2732, 1
2735, 1
2737, 1
2738, 1
2739, 1
2740, 1
2744, 1
2745, 1
2747, 1
2750, 1
2751, 1
2752, 1
2755, 1
2756, 1
2758, 1
2762, 1
2767, 1
2776, 1
2777, 1
2781, 1
2783, 1
2787, 3
2791, 1
2797, 1
2806, 1
2810, 1
2811, 1
2814, 1
2822, 1
2829, 1
2831, 2
2833, 1
2835, 1
2838, 1
2839, 1
2842, 1
2845, 1
2846, 1
2847, 1
2850, 1
2852, 2
2853, 1
2858, 1
2860, 2
2863, 1
2872, 1
2874, 1
2878, 1
2883, 1
2884, 1
2889, 1
2890, 2
2891, 1
2893, 2
2895, 2
2897, 2
2904, 1
2905, 2
2908, 1
2912, 1
2918, 1
2919, 1
2920, 1
2927, 1
2935, 3
2936, 1
2938, 2
2940, 1
2946, 2
2947, 1
2951, 1
2953, 2
2955, 1
2956, 3
2959, 1
2962, 1
2963, 1
2966, 1
2968, 1
2972, 2
2974, 1
2975, 1
2978, 4
2981, 1
2983, 1
2984, 1
2987, 1
2988, 1
2993, 2
2994, 2
2997, 1
3008, 1
3013, 1
3014, 2
3015, 1
3017, 1
3019, 1
3024, 1
3026, 2
3029, 1
3036, 2
3037, 1
3039, 1
3040, 1
3041, 2
3044, 1
3045, 1
3046, 1
3054, 1
3058, 1
3059, 1
3066, 1
3067, 1
3070, 1
3073, 1
3078, 1
3079, 1
3081, 1
3084, 1
3085, 1
3086, 1
3087, 1
3089, 1
3091, 1
3099, 1
3106, 1
3113, 1
3115, 2
3119, 1
3120, 2
3121, 1
3129, 1
3132, 1
3134, 1
3137, 1
3138, 3
3142, 1
3143, 1
3151, 1
3160, 1
3167, 1
3171, 1
3173, 1
3176, 1
3177, 1
3180, 1
3188, 1
3193, 1
3195, 1
3199, 1
3202, 1
3204, 1
3207, 1
3208, 1
3217, 1
3218, 1
3219, 1
3220, 1
3222, 1
3223, 1
3230, 1
3246, 1
3256, 1
3258, 1
3261, 1
3270, 1
3271, 1
3272, 1
3273, 1
3280, 2
3281, 1
3283, 1
3286, 1
3296, 1
3297, 1
3299, 2
3300, 1
3301, 1
3304, 2
3306, 1
3307, 1
3313, 1
3315, 1
3316, 1
3317, 1
3318, 1
3319, 1
3323, 1
3329, 1
3339, 1
3345, 2
3349, 1
3360, 2
3363, 1
3364, 1
3370, 1
3378, 1
3380, 1
3386, 2
3389, 3
3390, 1
3396, 1
3400, 1
3401, 1
3408, 2
3409, 1
3416, 1
3417, 1
3422, 1
3426, 2
3427, 1
3431, 1
3432, 1
3433, 1
3434, 1
3446, 1
3448, 1
3462, 1
3466, 1
3469, 1
3471, 1
3474, 1
3479, 1
3487, 1
3491, 1
3493, 1
3495, 1
3496, 1
3498, 1
3499, 1
3500, 1
3501, 1
3503, 3
3508, 1
3510, 2
3514, 1
3518, 1
3522, 1
3527, 1
3529, 1
3530, 1
3532, 1
3533, 1
3534, 1
3536, 1
3537, 1
3538, 1
3541, 2
3545, 1
3549, 1
3550, 1
3551, 1
3557, 1
3558, 1
3562, 1
3564, 1
3565, 1
3566, 1
3570, 1
3574, 1
3579, 1
3584, 1
3586, 1
3593, 1
3599, 1
3601, 1
3604, 1
3610, 1
3621, 1
3623, 1
3629, 1
3633, 1
3634, 1
3639, 1
3645, 1
3648, 2
3650, 1
3652, 1
3654, 1
3657, 1
3659, 1
3663, 1
3664, 1
3667, 1
3678, 1
3682, 1
3684, 1
3686, 1
3687, 2
3699, 2
3708, 1
3712, 1
3715, 1
3721, 1
3723, 1
3737, 1
3739, 1
3744, 1
3746, 1
3747, 2
3752, 1
3756, 1
3763, 1
3780, 1
3788, 1
3789, 1
3795, 1
3798, 1
3799, 1
3800, 1
3805, 1
3807, 1
3808, 1
3812, 1
3831, 1
3832, 1
3841, 1
3850, 1
3852, 1
3861, 1
3865, 1
3866, 1
3869, 1
3875, 1
3876, 1
3877, 1
3883, 1
3887, 2
3904, 1
3910, 1
3927, 1
3935, 1
3938, 1
3942, 2
3943, 2
3956, 1
3960, 2
3966, 1
3972, 1
3978, 1
3979, 1
3985, 1
3987, 1
3988, 1
3993, 1
3997, 1
3998, 1
4001, 1
4002, 1
4013, 1
4015, 1
4025, 1
4035, 2
4042, 1
4044, 1
4046, 1
4050, 1
4052, 1
4060, 1
4061, 1
4090, 1
4091, 1
4095, 1
4104, 1
4108, 1
4114, 1
4119, 1
4120, 1
4124, 1
4133, 1
4136, 1
4138, 1
4144, 1
4146, 1
4147, 1
4154, 2
4163, 1
4170, 1
4174, 1
4177, 1
4181, 1
4189, 2
4206, 1
4208, 1
4213, 2
4216, 2
4217, 1
4219, 1
4220, 1
4221, 1
4224, 2
4230, 1
4234, 1
4241, 1
4242, 1
4243, 1
4251, 1
4259, 1
4266, 1
4272, 1
4288, 2
4292, 1
4294, 3
4297, 1
4299, 1
4303, 1
4304, 2
4311, 1
4312, 1
4324, 1
4327, 1
4332, 1
4338, 1
4342, 1
4345, 1
4353, 1
4362, 1
4367, 2
4383, 1
4386, 1
4397, 1
4401, 1
4402, 1
4403, 1
4405, 1
4411, 1
4436, 1
4456, 1
4466, 1
4474, 1
4482, 1
4486, 1
4508, 1
4514, 1
4538, 1
4539, 1
4549, 2
4552, 2
4555, 2
4560, 1
4563, 1
4570, 3
4572, 1
4578, 1
4580, 1
4582, 1
4600, 1
4601, 2
4609, 1
4611, 1
4625, 1
4631, 1
4645, 1
4651, 1
4683, 1
4703, 1
4706, 1
4707, 1
4713, 1
4714, 1
4715, 1
4722, 1
4723, 2
4728, 1
4732, 1
4733, 1
4744, 1
4752, 1
4763, 1
4769, 1
4771, 1
4780, 1
4784, 1
4800, 1
4801, 1
4802, 1
4815, 1
4816, 1
4822, 1
4829, 1
4832, 1
4833, 1
4835, 1
4840, 1
4841, 1
4861, 1
4862, 1
4864, 2
4868, 1
4890, 1
4891, 1
4893, 1
4894, 2
4903, 1
4909, 1
4914, 1
4920, 1
4921, 2
4924, 1
4931, 1
4936, 1
4937, 1
4945, 1
4957, 1
4962, 1
4969, 1
4978, 1
4986, 1
4989, 1
4990, 1
5012, 1
5019, 1
5026, 1
5028, 1
5036, 2
5038, 1
5050, 1
5059, 2
5066, 1
5071, 1
5078, 1
5085, 1
5086, 1
5089, 1
5093, 1
5095, 1
5096, 1
5097, 1
5125, 1
5127, 1
5129, 1
5136, 1
5139, 1
5151, 1
5155, 1
5157, 1
5177, 2
5192, 1
5193, 1
5201, 1
5203, 1
5212, 1
5215, 1
5233, 1
5237, 1
5240, 1
5245, 1
5253, 1
5255, 1
5257, 1
5261, 1
5267, 1
5278, 1
5293, 1
5297, 1
5307, 1
5309, 1
5323, 1
5337, 1
5342, 1
5343, 1
5351, 2
5363, 1
5364, 1
5366, 1
5368, 1
5370, 1
5376, 1
5379, 1
5392, 1
5397, 1
5405, 1
5411, 2
5419, 1
5425, 2
5458, 1
5460, 1
5484, 1
5511, 1
5512, 1
5527, 1
5528, 1
5534, 2
5535, 1
5569, 1
5570, 1
5575, 1
5581, 1
5588, 1
5593, 1
5600, 1
5601, 1
5602, 1
5603, 1
5605, 1
5616, 1
5620, 1
5640, 1
5642, 1
5653, 1
5686, 1
5695, 2
5703, 1
5722, 1
5726, 1
5734, 1
5749, 1
5758, 1
5760, 1
5764, 2
5776, 1
5787, 1
5792, 2
5795, 1
5796, 1
5802, 1
5810, 1
5815, 2
5832, 1
5836, 1
5858, 1
5859, 2
5885, 1
5889, 1
5919, 1
5922, 1
5931, 1
5938, 1
5939, 1
5949, 1
5950, 1
5954, 1
5977, 1
5980, 1
5981, 1
6010, 1
6016, 1
6019, 1
6042, 1
6044, 1
6047, 1
6048, 1
6058, 1
6065, 2
6070, 1
6079, 3
6083, 1
6094, 1
6105, 1
6112, 1
6118, 1
6135, 1
6136, 2
6170, 1
6177, 1
6188, 1
6194, 1
6197, 1
6199, 1
6207, 1
6217, 1
6231, 1
6240, 1
6251, 1
6256, 1
6265, 1
6269, 1
6296, 1
6306, 1
6307, 1
6319, 1
6332, 1
6342, 1
6354, 1
6357, 1
6387, 1
6390, 1
6413, 1
6423, 1
6424, 2
6438, 1
6440, 1
6448, 1
6457, 1
6460, 1
6462, 1
6478, 1
6507, 1
6510, 1
6545, 1
6553, 1
6555, 1
6562, 1
6563, 1
6585, 1
6589, 1
6631, 1
6633, 1
6650, 2
6661, 1
6664, 1
6678, 1
6681, 1
6685, 1
6694, 1
6701, 1
6703, 1
6723, 1
6731, 1
6733, 1
6736, 1
6762, 1
6766, 1
6773, 1
6785, 1
6791, 1
6812, 1
6815, 1
6857, 1
6862, 1
6872, 2
6878, 1
6912, 2
6920, 1
6922, 1
6926, 1
6954, 1
6975, 1
6978, 1
6986, 1
6995, 1
7011, 1
7018, 1
7050, 1
7054, 1
7062, 1
7068, 1
7073, 1
7083, 1
7086, 1
7089, 1
7093, 1
7095, 1
7108, 1
7109, 1
7112, 1
7130, 1
7153, 1
7157, 1
7158, 1
7176, 1
7182, 1
7201, 1
7209, 1
7221, 1
7224, 1
7245, 1
7246, 1
7262, 1
7293, 2
7296, 1
7307, 1
7313, 1
7316, 1
7317, 1
7326, 1
7340, 1
7358, 1
7371, 1
7389, 1
7399, 1
7406, 1
7430, 1
7432, 1
7433, 1
7439, 1
7443, 1
7447, 1
7451, 1
7479, 1
7482, 1
7486, 1
7487, 1
7490, 1
7526, 1
7547, 1
7553, 1
7579, 1
7611, 1
7615, 1
7618, 1
7640, 1
7652, 1
7663, 1
7665, 1
7682, 1
7686, 1
7716, 1
7721, 1
7722, 1
7761, 1
7768, 1
7782, 1
7788, 1
7793, 1
7806, 1
7810, 1
7818, 1
7834, 1
7841, 2
7843, 1
7848, 1
7849, 1
7852, 1
7870, 1
7877, 1
7879, 1
7884, 1
7888, 1
7904, 1
7915, 1
7924, 1
7948, 1
7993, 1
8007, 1
8017, 1
8025, 1
8031, 1
8111, 1
8133, 1
8138, 1
8151, 1
8171, 1
8178, 1
8186, 1
8189, 1
8193, 1
8196, 1
8204, 1
8206, 1
8213, 2
8219, 1
8238, 1
8259, 1
8262, 1
8263, 1
8267, 1
8294, 1
8305, 1
8314, 1
8331, 1
8332, 1
8343, 1
8370, 1
8389, 1
8390, 1
8406, 1
8445, 1
8453, 1
8465, 1
8475, 1
8483, 1
8494, 1
8513, 1
8520, 1
8525, 1
8531, 1
8548, 1
8554, 1
8593, 1
8602, 2
8617, 1
8651, 1
8661, 1
8696, 1
8710, 1
8717, 1
8724, 1
8728, 1
8731, 1
8739, 1
8744, 1
8802, 1
8808, 1
8814, 1
8832, 1
8836, 1
8852, 1
8919, 1
8930, 1
8952, 1
9031, 1
9056, 1
9064, 1
9066, 1
9075, 1
9105, 1
9108, 1
9137, 1
9195, 1
9199, 1
9200, 1
9217, 1
9222, 1
9261, 1
9301, 1
9302, 1
9331, 1
9339, 1
9347, 1
9375, 1
9401, 1
9420, 1
9426, 1
9463, 1
9472, 1
9475, 1
9477, 1
9478, 1
9498, 1
9499, 1
9543, 1
9549, 1
9551, 1
9560, 1
9563, 1
9564, 1
9572, 1
9577, 1
9621, 1
9631, 1
9643, 1
9644, 1
9645, 1
9670, 1
9716, 1
9732, 1
9743, 1
9748, 1
9751, 1
9758, 2
9772, 1
9813, 1
9814, 1
9821, 1
9826, 1
9843, 1
9852, 1
9865, 1
9877, 1
9888, 1
9902, 1
9959, 1
9961, 1
9975, 1
9993, 1
10044, 1
10056, 1
10083, 1
10085, 1
10090, 1
10102, 1
10133, 1
10135, 1
10146, 1
10177, 1
10182, 1
10195, 1
10236, 1
10244, 1
10272, 1
10307, 1
10313, 1
10318, 1
10325, 1
10384, 1
10408, 1
10411, 1
10460, 1
10462, 1
10493, 1
10521, 1
10532, 1
10556, 1
10567, 1
10624, 1
10646, 1
10674, 1
10725, 1
10795, 1
10800, 1
10823, 1
10943, 1
10953, 1
10955, 1
10974, 1
11007, 1
11015, 1
11032, 1
11038, 1
11045, 1
11068, 1
11101, 1
11186, 2
11228, 1
11272, 1
11288, 1
11325, 1
11357, 1
11358, 1
11387, 1
11393, 1
11422, 1
11496, 1
11522, 1
11540, 1
11586, 1
11622, 1
11682, 1
11707, 1
11733, 1
11738, 1
11748, 1
11863, 1
11916, 1
11926, 1
11931, 1
11945, 1
12011, 1
12051, 1
12063, 1
12076, 1
12090, 1
12091, 1
12092, 1
12129, 1
12167, 1
12172, 2
12215, 1
12220, 1
12224, 1
12267, 1
12273, 1
12297, 1
12405, 1
12420, 1
12435, 1
12518, 1
12555, 1
12647, 1
12649, 1
12736, 1
12738, 1
12774, 1
12789, 1
12813, 1
12815, 1
12831, 1
12835, 1
12871, 1
12889, 1
12893, 1
12941, 1
12947, 1
12951, 1
12974, 1
13012, 2
13042, 1
13047, 1
13109, 1
13128, 1
13129, 1
13226, 1
13261, 1
13271, 1
13291, 1
13301, 1
13328, 1
13355, 1
13368, 1
13488, 1
13586, 1
13605, 1
13628, 1
13719, 1
13744, 1
13746, 1
13759, 1
13772, 1
13787, 1
13792, 1
13814, 1
13828, 1
13886, 1
13890, 1
13925, 1
13936, 1
13948, 1
14092, 1
14152, 1
14239, 1
14260, 1
14264, 1
14286, 1
14326, 1
14328, 1
14379, 1
14390, 1
14395, 1
14414, 1
14542, 1
14616, 1
14674, 1
14707, 1
14733, 1
14735, 1
14770, 1
14807, 1
14887, 1
14901, 1
14958, 1
15053, 1
15151, 1
15165, 1
15202, 1
15207, 1
15261, 1
15341, 1
15344, 2
15352, 1
15373, 1
15480, 1
15490, 1
15506, 1
15548, 1
15693, 1
15740, 1
15751, 1
15825, 1
15883, 1
15930, 1
15973, 1
16030, 1
16129, 1
16199, 1
16202, 1
16223, 1
16288, 1
16304, 1
16440, 1
16513, 1
16541, 1
16599, 1
16608, 1
16788, 1
16897, 1
16899, 1
16907, 1
17086, 1
17381, 1
17390, 1
17493, 1
17576, 1
17606, 1
17619, 1
17623, 1
17740, 1
17762, 1
17764, 1
17813, 1
17881, 1
17942, 1
17992, 1
17997, 1
18046, 1
18103, 1
18483, 1
18494, 1
18644, 1
18761, 1
18808, 1
18925, 1
18962, 1
19038, 1
19123, 1
19199, 1
19554, 1
19593, 1
19604, 1
19688, 1
19756, 1
19843, 1
19856, 1
19962, 1
20070, 1
20187, 1
20366, 1
20508, 1
20566, 1
20615, 1
20647, 1
20786, 1
21061, 1
21122, 1
21171, 1
21173, 1
21321, 1
21637, 1
21667, 1
21681, 1
21688, 1
21743, 1
21899, 2
21929, 1
21948, 1
22032, 1
22043, 1
22116, 1
22262, 1
22380, 1
22519, 1
22528, 1
22530, 1
22537, 1
22658, 1
22786, 1
22812, 1
22874, 1
22886, 1
22900, 1
23028, 1
23099, 1
23227, 1
23482, 1
23493, 1
23503, 1
23682, 1
23687, 1
23765, 1
23782, 1
24010, 1
24080, 1
24133, 1
24142, 1
24172, 1
24290, 1
24359, 1
24384, 1
24393, 1
24501, 1
24504, 1
24566, 1
24659, 1
24683, 1
24719, 1
24744, 1
24964, 1
24975, 1
25008, 1
25193, 1
25227, 1
25293, 1
25504, 1
25772, 1
25781, 1
25823, 1
25990, 1
26045, 1
26056, 1
26199, 1
26216, 1
26261, 1
26337, 1
26356, 1
26425, 1
26440, 1
26482, 1
26508, 1
26731, 1
26881, 1
26944, 1
26994, 1
27027, 1
27210, 1
27455, 1
27504, 1
27567, 1
27653, 1
27699, 1
27749, 1
27961, 1
28003, 1
28083, 1
28190, 1
28219, 1
28411, 1
28604, 1
28686, 1
28765, 1
29004, 1
29077, 1
29161, 1
29217, 1
29346, 1
29391, 1
29628, 1
29703, 1
30104, 1
30201, 1
30227, 1
30313, 1
30415, 1
30468, 1
30521, 1
30618, 1
30656, 1
30705, 1
30708, 1
30796, 1
30826, 1
30985, 1
31083, 1
31093, 1
31142, 1
31302, 1
31911, 1
31972, 1
32506, 1
32538, 1
32677, 1
32792, 1
32959, 1
32993, 1
33158, 1
33173, 1
33794, 1
33816, 1
33871, 1
33912, 1
34007, 1
34211, 1
34845, 1
34859, 1
34943, 1
34970, 1
35031, 1
35072, 1
35098, 1
35200, 1
35205, 1
35359, 1
35382, 1
35490, 1
35526, 1
35592, 1
35862, 1
35864, 1
35874, 1
35906, 1
36561, 1
36568, 1
36821, 1
37257, 1
37541, 1
37643, 1
37667, 1
38061, 1
38215, 1
38246, 1
38321, 1
38583, 1
38648, 1
38864, 1
39165, 1
39373, 1
39406, 1
39491, 1
40138, 1
40455, 1
41109, 1
41284, 1
41414, 1
41580, 1
41621, 1
42117, 1
42877, 1
42943, 1
43309, 1
43404, 1
43613, 1
43642, 1
43715, 1
44092, 1
44142, 1
44157, 1
44252, 1
44337, 1
44641, 1
45011, 1
45038, 1
45140, 1
45339, 1
45529, 1
45766, 1
45819, 1
47029, 1
47471, 1
48606, 1
48608, 1
49599, 1
49670, 1
49775, 1
49781, 1
50813, 1
52725, 1
52770, 1
53289, 1
53915, 1
53936, 1
54614, 1
54805, 1
54944, 1
54979, 1
55579, 1
55588, 1
56449, 1
56645, 1
57259, 1
59283, 1
60704, 1
60965, 1
61063, 1
61098, 1
61274, 1
61674, 1
61713, 1
61866, 1
62168, 1
62491, 1
62806, 1
63521, 1
63604, 1
63711, 1
64708, 1
64851, 1
65312, 1
65861, 1
66223, 1
66357, 1
66708, 1
67404, 1
68588, 1
69102, 1
69118, 1
69885, 1
70141, 1
70358, 1
70654, 1
71391, 1
71752, 1
73388, 1
73899, 1
74344, 1
74699, 1
75746, 1
76428, 1
78417, 1
79320, 1
79341, 1
79486, 1
80029, 1
80267, 1
81194, 1
81517, 1
81958, 1
82041, 1
82694, 1
82846, 1
83905, 1
84659, 1
84862, 1
85337, 1
86000, 1
88248, 1
89655, 1
91618, 1
92161, 1
97490, 1
97994, 1
101679, 1
103205, 1
103485, 1
105104, 1
108464, 1
109136, 1
110744, 1
111999, 1
112967, 1
119420, 1
122775, 1
124936, 1
128643, 1
129795, 1
130474, 1
131957, 1
133085, 1
135123, 1
135494, 1
144051, 1
144730, 1
147399, 1
149585, 1
153808, 1
158220, 1
161515, 1
187170, 1
190609, 1
195430, 1
199140, 1
204968, 1
205815, 1
205977, 1
206106, 1
217515, 1
223651, 1
228557, 1
232664, 1
311815, 1
329943, 1
343448, 1
405549, 1
564963, 1
591128, 1
720936, 1
844524, 1
911813, 1
936532, 1
1118827, 1
1970341, 1
2633822, 1
3585598, 1
5960439, 1
